5 7 11333 13475 13443 9239 11471 6378 3369 
5 8 13363 3369 6378 6221 3301 13455 13414 13413 
5 7 13413 13414 11345 3205 6318 13415 13416 
1 3 6335 13415 13416 
3 6 13424 9562 13422 13420 3369 13363 
3 27 11333 13362 13448 3501 7242 221 271 322 13357 13356 13354 13353 13466 11297 11317 11270 351 11299 11378 9392 9383 3273 6395 6350 13469 3329 3379 
2 8 13469 6350 9237 9350 3311 11332 6399 6335 
1 7 3159 11207 11055 200 11136 3150 9392 
1 8 3273 6385 159 284 11161 6046 9075 3159 
5 8 13413 13414 6237 11382 9250 3353 13460 13354 
2 9 6335 6384 9364 6363 13437 13435 3274 13434 11361 
2 7 11361 13434 407 377 11406 13425 13424 
5 5 13363 3369 13420 13417 3422 
5 5 13363 3369 6351 13427 13428 
5 4 11333 13362 13441 11446 
2 7 3301 13439 6301 13438 13436 6363 13437 
